current learning rate is:0.0001
[333.8012977817113, 230.85923215231529, 240.38999102387484, 249.69600952236337, 1000.0, 1000.0, 1000.0, 1000.0, 1000.0, 1000.0, 1000.0, 1000.0, 1000.0, 1000.0, 1000.0, 1000.0, 1000.0]
min loss is:
230.859232152
index is:1
Found subsets is:
(1, 2, 3, 4, 5, 6, 7, 8, 9, 10, 11, 12, 13, 14, 15, 16)
Found line is :
205.328 217.001 220.353 239.379 261.418 280.2 283.305 363.957 368.346 373.994 405.781 406.214 424.492 438.646 504.258 560.885 
current learning rate is:0.0005
[312.08463990289118, 238.64785174091472, 247.20416884244696, 261.22464132950819, 1000.0, 1000.0, 1000.0, 1000.0, 1000.0, 1000.0, 1000.0, 1000.0, 1000.0, 1000.0, 1000.0, 1000.0, 1000.0]
min loss is:
238.647851741
index is:1
Found subsets is:
(1, 2, 3, 4, 5, 6, 7, 8, 9, 10, 11, 12, 13, 14, 15, 16)
Found line is :
205.328 217.001 220.353 239.379 261.418 280.2 283.305 363.957 368.346 373.994 405.781 406.214 424.492 438.646 504.258 560.885 
current learning rate is:0.001
[309.26504664732329, 243.59075910900387, 251.77647465545792, 263.82153270568477, 1000.0, 1000.0, 1000.0, 1000.0, 1000.0, 1000.0, 1000.0, 1000.0, 1000.0, 1000.0, 1000.0, 1000.0, 1000.0]
min loss is:
243.590759109
index is:1
Found subsets is:
(1, 2, 3, 4, 5, 6, 7, 8, 9, 10, 11, 12, 13, 14, 15, 16)
Found line is :
205.328 217.001 220.353 239.379 261.418 280.2 283.305 363.957 368.346 373.994 405.781 406.214 424.492 438.646 504.258 560.885 
current learning rate is:0.005
[340.12191265285736, 281.0774601623686, 287.60756369199345, 283.73702938008984, 1000.0, 1000.0, 1000.0, 1000.0, 1000.0, 1000.0, 1000.0, 1000.0, 1000.0, 1000.0, 1000.0, 1000.0, 1000.0]
min loss is:
281.077460162
index is:1
Found subsets is:
(1, 2, 3, 4, 5, 6, 7, 8, 9, 10, 11, 12, 13, 14, 15, 16)
Found line is :
205.328 217.001 220.353 239.379 261.418 280.2 283.305 363.957 368.346 373.994 405.781 406.214 424.492 438.646 504.258 560.885 
current learning rate is:0.01
[996.25402003807403, 998.3090781486693, 986.18931553690948, 996.34692955957496, 1000.0, 1000.0, 1000.0, 1000.0, 1000.0, 1000.0, 1000.0, 1000.0, 1000.0, 1000.0, 1000.0, 1000.0, 1000.0]
min loss is:
986.189315537
index is:2
Found subsets is:
(0, 1, 2, 3, 4, 5, 7, 8, 9, 10, 11, 12, 13, 14, 15)
Found line is :
202.202 205.328 217.001 220.353 239.379 261.418 283.305 363.957 368.346 373.994 405.781 406.214 424.492 438.646 504.258 
current learning rate is:0.05
[1000.0, 998.58138042095106, 986.18931553690948, 1000.0, 1000.0, 1000.0, 1000.0, 1000.0, 1000.0, 1000.0, 1000.0, 1000.0, 1000.0, 1000.0, 1000.0, 1000.0, 1000.0]
min loss is:
986.189315537
index is:2
Found subsets is:
(0, 1, 2, 3, 4, 5, 7, 8, 9, 10, 11, 12, 13, 14, 15)
Found line is :
202.202 205.328 217.001 220.353 239.379 261.418 283.305 363.957 368.346 373.994 405.781 406.214 424.492 438.646 504.258 
current learning rate is:0.1
[1000.0, 998.58138042095106, 986.18931553690948, 1000.0, 1000.0, 1000.0, 1000.0, 1000.0, 1000.0, 1000.0, 1000.0, 1000.0, 1000.0, 1000.0, 1000.0, 1000.0, 1000.0]
min loss is:
986.189315537
index is:2
Found subsets is:
(0, 1, 2, 3, 4, 5, 7, 8, 9, 10, 11, 12, 13, 14, 15)
Found line is :
202.202 205.328 217.001 220.353 239.379 261.418 283.305 363.957 368.346 373.994 405.781 406.214 424.492 438.646 504.258 
current learning rate is:0.5
[1000.0, 998.58138042095106, 986.18931553690948, 1000.0, 1000.0, 1000.0, 1000.0, 1000.0, 1000.0, 1000.0, 1000.0, 1000.0, 1000.0, 1000.0, 1000.0, 1000.0, 1000.0]
min loss is:
986.189315537
index is:2
Found subsets is:
(0, 1, 2, 3, 4, 5, 7, 8, 9, 10, 11, 12, 13, 14, 15)
Found line is :
202.202 205.328 217.001 220.353 239.379 261.418 283.305 363.957 368.346 373.994 405.781 406.214 424.492 438.646 504.258 
current learning rate is:1
[1000.0, 998.58138042095106, 986.18931553690948, 1000.0, 1000.0, 1000.0, 1000.0, 1000.0, 1000.0, 1000.0, 1000.0, 1000.0, 1000.0, 1000.0, 1000.0, 1000.0, 1000.0]
min loss is:
986.189315537
index is:2
Found subsets is:
(0, 1, 2, 3, 4, 5, 7, 8, 9, 10, 11, 12, 13, 14, 15)
Found line is :
202.202 205.328 217.001 220.353 239.379 261.418 283.305 363.957 368.346 373.994 405.781 406.214 424.492 438.646 504.258 
