current learning rate is:0.0001
[1000.0, 1000.0, 1000.0, 1000.0, 32.02889270579211, 1000.0, 28.330590211729639, 1000.0, 1000.0, 1000.0, 1000.0, 1000.0, 1000.0, 1000.0, 1000.0, 1000.0, 1000.0, 1000.0, 1000.0, 1000.0]
min loss is:
28.3305902117
index is:6
Found subsets is:
(0, 1, 3, 4, 5, 6, 7, 8, 9, 10, 11, 12, 13, 15)
Found line is :
203.585 203.713 213.598 216.509 217.894 218.172 219.227 221.811 222.57 223.008 224.426 224.7 244.164 324.754 
current learning rate is:0.0005
[1000.0, 1000.0, 1000.0, 1000.0, 33.009616593243663, 1000.0, 27.697383101603009, 1000.0, 1000.0, 1000.0, 1000.0, 1000.0, 1000.0, 1000.0, 1000.0, 1000.0, 1000.0, 1000.0, 1000.0, 1000.0]
min loss is:
27.6973831016
index is:6
Found subsets is:
(0, 1, 3, 4, 5, 6, 7, 8, 9, 10, 11, 12, 13, 15)
Found line is :
203.585 203.713 213.598 216.509 217.894 218.172 219.227 221.811 222.57 223.008 224.426 224.7 244.164 324.754 
current learning rate is:0.001
[1000.0, 1000.0, 1000.0, 1000.0, 33.498983983174789, 1000.0, 30.047676563478792, 1000.0, 1000.0, 1000.0, 1000.0, 1000.0, 1000.0, 1000.0, 1000.0, 1000.0, 1000.0, 1000.0, 1000.0, 1000.0]
min loss is:
30.0476765635
index is:6
Found subsets is:
(0, 1, 3, 4, 5, 6, 7, 8, 9, 10, 11, 12, 13, 15)
Found line is :
203.585 203.713 213.598 216.509 217.894 218.172 219.227 221.811 222.57 223.008 224.426 224.7 244.164 324.754 
current learning rate is:0.005
[1000.0, 1000.0, 1000.0, 1000.0, 27.179513367215502, 1000.0, 23.889308448635955, 1000.0, 1000.0, 1000.0, 1000.0, 1000.0, 1000.0, 1000.0, 1000.0, 1000.0, 1000.0, 1000.0, 1000.0, 1000.0]
min loss is:
23.8893084486
index is:6
Found subsets is:
(0, 1, 3, 4, 5, 6, 7, 8, 9, 10, 11, 12, 13, 15)
Found line is :
203.585 203.713 213.598 216.509 217.894 218.172 219.227 221.811 222.57 223.008 224.426 224.7 244.164 324.754 
current learning rate is:0.01
[1000.0, 1000.0, 1000.0, 1000.0, 1000.0, 1000.0, 1000.0, 1000.0, 1000.0, 1000.0, 1000.0, 1000.0, 1000.0, 1000.0, 1000.0, 1000.0, 1000.0, 1000.0, 1000.0, 1000.0]
min loss is:
1000.0
index is:0
Found subsets is:
(0, 1, 2, 3, 4, 5, 6, 7, 8, 9, 10, 11, 12, 13, 14, 15, 16, 17, 18, 19)
Found line is :
203.585 203.713 204.38 213.598 216.509 217.894 218.172 219.227 221.811 222.57 223.008 224.426 224.7 244.164 249.215 324.754 327.396 510.554 515.324 521.82 
current learning rate is:0.05
[1000.0, 1000.0, 1000.0, 1000.0, 1000.0, 1000.0, 1000.0, 1000.0, 1000.0, 1000.0, 1000.0, 1000.0, 1000.0, 1000.0, 1000.0, 1000.0, 1000.0, 1000.0, 1000.0, 1000.0]
min loss is:
1000.0
index is:0
Found subsets is:
(0, 1, 2, 3, 4, 5, 6, 7, 8, 9, 10, 11, 12, 13, 14, 15, 16, 17, 18, 19)
Found line is :
203.585 203.713 204.38 213.598 216.509 217.894 218.172 219.227 221.811 222.57 223.008 224.426 224.7 244.164 249.215 324.754 327.396 510.554 515.324 521.82 
current learning rate is:0.1
[1000.0, 1000.0, 1000.0, 1000.0, 1000.0, 1000.0, 1000.0, 1000.0, 1000.0, 1000.0, 1000.0, 1000.0, 1000.0, 1000.0, 1000.0, 1000.0, 1000.0, 1000.0, 1000.0, 1000.0]
min loss is:
1000.0
index is:0
Found subsets is:
(0, 1, 2, 3, 4, 5, 6, 7, 8, 9, 10, 11, 12, 13, 14, 15, 16, 17, 18, 19)
Found line is :
203.585 203.713 204.38 213.598 216.509 217.894 218.172 219.227 221.811 222.57 223.008 224.426 224.7 244.164 249.215 324.754 327.396 510.554 515.324 521.82 
current learning rate is:0.5
[1000.0, 1000.0, 1000.0, 1000.0, 1000.0, 1000.0, 1000.0, 1000.0, 1000.0, 1000.0, 1000.0, 1000.0, 1000.0, 1000.0, 1000.0, 1000.0, 1000.0, 1000.0, 1000.0, 1000.0]
min loss is:
1000.0
index is:0
Found subsets is:
(0, 1, 2, 3, 4, 5, 6, 7, 8, 9, 10, 11, 12, 13, 14, 15, 16, 17, 18, 19)
Found line is :
203.585 203.713 204.38 213.598 216.509 217.894 218.172 219.227 221.811 222.57 223.008 224.426 224.7 244.164 249.215 324.754 327.396 510.554 515.324 521.82 
current learning rate is:1
[1000.0, 1000.0, 1000.0, 1000.0, 1000.0, 1000.0, 1000.0, 1000.0, 1000.0, 1000.0, 1000.0, 1000.0, 1000.0, 1000.0, 1000.0, 1000.0, 1000.0, 1000.0, 1000.0, 1000.0]
min loss is:
1000.0
index is:0
Found subsets is:
(0, 1, 2, 3, 4, 5, 6, 7, 8, 9, 10, 11, 12, 13, 14, 15, 16, 17, 18, 19)
Found line is :
203.585 203.713 204.38 213.598 216.509 217.894 218.172 219.227 221.811 222.57 223.008 224.426 224.7 244.164 249.215 324.754 327.396 510.554 515.324 521.82 
